424411192.947320 2 46A7594F-672D-4B6C-81C1-785AECDBA0D8 8 88 0.316228 -50 0
424411193.947561 2 46A7594F-672D-4B6C-81C1-785AECDBA0D8 8 88 0.279284 -49 0
424411194.947406 2 46A7594F-672D-4B6C-81C1-785AECDBA0D8 8 88 0.257054 -48 0
424411195.947581 2 46A7594F-672D-4B6C-81C1-785AECDBA0D8 8 88 0.250017 -48 0
424411196.947353 2 46A7594F-672D-4B6C-81C1-785AECDBA0D8 8 88 0.247102 -48 0
424411197.947378 2 46A7594F-672D-4B6C-81C1-785AECDBA0D8 8 88 0.261661 -49 0
424411198.947397 2 46A7594F-672D-4B6C-81C1-785AECDBA0D8 8 88 0.282436 -50 0
424411199.946521 2 46A7594F-672D-4B6C-81C1-785AECDBA0D8 8 88 0.293763 -50 0
424411200.947506 2 46A7594F-672D-4B6C-81C1-785AECDBA0D8 8 88 0.311160 -51 0
424411201.946657 2 46A7594F-672D-4B6C-81C1-785AECDBA0D8 8 88 0.290243 -48 0
424411202.947930 2 46A7594F-672D-4B6C-81C1-785AECDBA0D8 8 88 0.277579 -48 0
424411203.948140 2 46A7594F-672D-4B6C-81C1-785AECDBA0D8 8 88 0.269084 -48 0
424411205.024397 2 46A7594F-672D-4B6C-81C1-785AECDBA0D8 8 88 0.278701 -50 0
424411206.020530 2 46A7594F-672D-4B6C-81C1-785AECDBA0D8 8 88 0.313092 -54 0
424411207.021714 2 46A7594F-672D-4B6C-81C1-785AECDBA0D8 8 88 0.337729 -53 0
424411280.512938 0 46A7594F-672D-4B6C-81C1-785AECDBA0D8_8_88
424411292.649293 2 46A7594F-672D-4B6C-81C1-785AECDBA0D8 8 88 0.278256 -49 0
424411293.649570 2 46A7594F-672D-4B6C-81C1-785AECDBA0D8 8 88 0.245642 -48 0
424411294.648564 2 46A7594F-672D-4B6C-81C1-785AECDBA0D8 8 88 0.225780 -47 0
